PRI   PID
 19     1
 19     2
 19     3
139     6
 39    17
 39    18
 39    19
 19    21
 19    22
 39    23
 39    24
 39    25
 19    26
 39    27
 19    30
 19    31
 14    32
  0    33
 19    34
 19    35
 39    36
 39    44
 19   205
 19   206
 19   207
 19   208
 19   209
 19   210
 19   251
 39   252
 19   307
 19   310
 39   392
 19   748
 19   779
 39   802
 39   953
 39  1012
 19  1323
 19  1382
 19  1411
 19  1441
 19  1463
 19  1496
 19  1512
 19  1606
 19  1611
 19  1618
 19  1632
 19  1633
 19  1640
 19  1646
 19  1657
 19  1679
 19  1680
 39  1701
 19  1718
 39  1731
 19  1802
 19  1832
 19  1858
 19  1865
 19  1872
 19  1964
 19  1965
 19  1966
 19  1967
 19  1997
 19  2088
 18  2097
 19  2105
 19  2149
 29  2153
 19  2216
 19  2226
 19  2227
 19  2228
 19  2229
 19  2231
 19  2261
 19  2369
 19  2378
 19  2413
 19  2416
 19  2417
 19  2442
 19  2460
 19  2473
 19  2481
 19  2484
 19  2487
 19  2494
 30  2499
 19  2507
 19  2511
 19  2519
 19  2520
 19  2522
 19  2528
 19  2529
 19  2531
 19  2540
 19  2541
 19  2568
 19  2572
 19  2573
 19  2584
 19  2587
 19  2591
 19  2600
 19  2602
 19  2611
 19  2618
 19  2619
 19  2626
 19  2632
 19  2641
 19  2648
 19  2653
 19  2685
 19  2688
 19  2703
 19  2709
 19  2730
 19  2814
 19  2843
 19  2876
 19  3014
 19  3020
 19  3025
 19  3069
 19  3070
 19  3075
 19  3099
 19  3191
 19  3195
 19  3196
 19  3382
 19  3418
 19  3861
 19  4153
 19  4155
 19  4873
 19  4882
 19  4890
 19  4906
 19  4979
 19  4982
 19  5619
 19  5763
 19  5764
 19  5866
 19  7793
 19  7794
139  7810
 19  7812
139  7813
 19  7815
139  7816
 19  7817
 19  7818
 90  7819
 19  7829
 19  7832
 19  8849
 19  9629
 19  9630
 19  9647
 19 11018
 19 11218
 19 12681
 19 12690
 19 13016
 19 13039
 19 13202
 19 13408
 19 13411
 19 13788
 19 13868
 19 13870
 19 13886
 19 14403
 19 14736
 19 14765
 19 14766
 19 14787
 19 14789
 19 14792
 19 25970
