-100    6
-100 7810
-100 7813
-100 7816
-51  7819
  0  1012
  0    17
  0  1701
  0  1731
  0    18
  0    19
  0    23
  0    24
  0    25
  0   252
  0    27
  0    36
  0   392
  0    44
  0   802
  0   953
PRI   PID
  9  2499
 10  2153
 20     1
 20 11018
 20 11218
 20 11947
 20 12020
 20 12681
 20 12690
 20 13016
 20 13039
 20 13202
 20  1323
 20 13408
 20 13411
 20 13788
 20  1382
 20 13868
 20 13870
 20 13886
 20  1411
 20 14125
 20 14126
 20 14160
 20 14162
 20  1441
 20  1463
 20  1496
 20  1512
 20  1606
 20  1611
 20  1618
 20  1632
 20  1633
 20  1640
 20  1646
 20  1657
 20  1679
 20  1680
 20  1718
 20  1802
 20  1832
 20  1858
 20  1865
 20  1872
 20  1964
 20  1965
 20  1966
 20  1967
 20  1997
 20     2
 20   205
 20   206
 20   207
 20   208
 20  2088
 20   209
 20    21
 20   210
 20  2105
 20  2149
 20    22
 20  2216
 20  2226
 20  2227
 20  2228
 20  2229
 20  2231
 20  2261
 20  2369
 20  2378
 20  2413
 20  2416
 20  2417
 20  2442
 20  2460
 20  2473
 20  2481
 20  2484
 20  2487
 20  2494
 20  2507
 20   251
 20  2511
 20  2519
 20  2520
 20  2522
 20  2528
 20  2529
 20  2531
 20  2540
 20  2541
 20  2568
 20  2572
 20  2573
 20  2584
 20  2587
 20  2591
 20 25970
 20    26
 20  2600
 20  2602
 20  2611
 20  2618
 20  2619
 20  2626
 20  2632
 20  2641
 20  2648
 20  2653
 20  2685
 20  2688
 20  2703
 20  2709
 20  2730
 20  2814
 20  2843
 20  2876
 20     3
 20    30
 20  3014
 20  3020
 20  3025
 20  3069
 20   307
 20  3070
 20  3075
 20  3099
 20    31
 20   310
 20  3191
 20  3195
 20  3196
 20  3382
 20    34
 20  3418
 20    35
 20  3861
 20  4153
 20  4155
 20  4873
 20  4882
 20  4890
 20  4906
 20  4979
 20  4982
 20  5619
 20  5763
 20  5764
 20  5866
 20   748
 20   779
 20  7793
 20  7794
 20  7812
 20  7815
 20  7817
 20  7818
 20  7829
 20  7832
 20  8849
 20  9629
 20  9630
 20  9647
 21  2097
 25    32
 39    33
