0 0 0 7
0 0 31 1
0 0 79 1
0 0 80 1
0 0 91 1
0 0 146 3
0 0 189 1
0 0 200 1
0 0 242 2
0 0 244 1
0 0 248 2
0 0 290 1
0 0 360 1
0 0 368 1
0 0 378 1
0 0 463 1
0 0 466 1
0 0 515 1
0 0 517 1
0 0 528 1
0 0 556 1
0 0 570 1
0 0 573 1
0 0 633 1
0 0 647 1
0 0 702 1
0 0 740 1
0 0 777 1
0 0 782 2
0 0 842 1
0 0 854 4
0 0 856 1
0 0 870 1
0 0 878 1
0 0 882 1
0 0 892 1
0 0 935 1
0 0 949 1
0 0 964 1
0 0 969 1
0 0 975 2
0 0 993 1
0 0 998 1
0 5 0 1
0 6 41 1
0 9 174 1
0 13 633 1
0 26 621 1
0 28 424 1
0 29 654 1
0 31 642 1
0 32 371 1
0 33 182 1
0 33 200 1
0 33 798 1
0 33 856 1
0 34 14 1
0 35 56 1
0 36 0 1
0 36 856 1
0 39 70 1
0 39 349 1
0 39 355 1
0 39 424 1
0 39 481 1
0 39 517 2
0 39 623 1
0 39 879 1
0 43 935 1
0 49 0 1
0 49 974 1
0 54 782 1
0 58 380 1
0 59 878 1
0 61 174 1
0 64 976 1
0 69 332 1
0 69 343 1
0 70 409 1
0 70 467 1
0 70 612 1
0 70 714 1
0 70 725 1
0 70 920 1
0 70 935 1
0 70 973 1
0 70 974 1
0 75 166 1
0 75 993 1
0 76 324 1
0 76 388 1
0 76 856 1
0 79 773 1
0 79 920 1
0 79 973 1
0 80 618 1
0 80 635 1
0 80 856 1
0 83 146 1
0 83 188 1
0 84 702 1
0 91 993 1
0 92 633 1
0 95 906 1
0 100 949 1
0 102 856 1
0 102 950 1
0 107 188 1
0 112 0 1
0 112 85 1
0 112 128 1
0 112 186 1
0 112 238 1
0 112 295 1
0 112 530 1
0 112 599 1
0 114 188 1
0 114 995 1
0 115 146 1
0 116 349 1
0 116 849 1
0 116 933 1
0 116 973 1
0 118 470 1
0 118 515 2
0 119 188 1
0 120 179 1
0 120 911 1
0 127 166 1
0 127 333 1
0 130 517 1
0 130 863 1
0 132 70 1
0 135 623 1
0 140 39 1
0 141 131 1
0 143 112 1
0 145 112 1
0 146 0 1
0 146 230 1
0 146 402 2
0 146 562 1
0 146 679 1
0 146 748 1
0 146 872 1
0 146 931 1
0 146 966 1
0 148 0 1
0 148 52 1
0 148 839 1
0 148 854 1
0 153 633 1
0 161 255 1
0 176 0 3
0 176 11 1
0 176 123 1
0 176 174 1
0 176 264 1
0 176 517 1
0 176 579 1
0 176 590 1
0 176 841 1
0 176 856 1
0 176 960 1
0 176 993 1
0 181 293 1
0 181 598 1
0 188 564 1
0 189 0 1
0 195 148 1
0 196 0 2
0 196 62 1
0 196 146 1
0 196 181 1
0 196 640 1
0 196 869 1
0 196 944 1
0 197 0 1
0 200 146 1
0 200 148 1
0 200 552 1
0 208 892 2
0 220 870 1
0 220 941 1
0 221 486 1
0 224 517 1
0 225 892 1
0 234 244 1
0 237 859 1
0 242 0 1
0 242 146 1
0 242 306 1
0 242 517 1
0 242 518 1
0 244 0 1
0 244 52 1
0 244 126 1
0 244 276 1
0 244 856 1
0 246 174 1
0 248 214 1
0 248 517 1
0 248 701 1
0 290 39 1
0 290 112 1
0 300 709 1
0 305 214 1
0 305 409 1
0 305 993 1
0 309 0 1
0 317 633 1
0 320 0 1
0 335 434 1
0 341 242 1
0 349 439 1
0 356 856 1
0 357 168 1
0 359 265 1
0 360 914 1
0 362 633 1
0 364 220 1
0 368 854 1
0 377 807 1
0 378 0 1
0 381 588 1
0 384 955 1
0 394 176 1
0 398 0 1
0 403 633 1
0 406 94 1
0 416 512 1
0 434 177 1
0 434 659 1
0 434 723 1
0 434 949 1
0 441 312 1
0 442 33 1
0 445 496 1
0 454 0 1
0 454 339 1
0 458 514 1
0 463 146 1
0 463 517 1
0 463 563 1
0 464 856 1
0 466 452 1
0 466 892 1
0 471 765 1
0 472 176 1
0 475 0 1
0 478 623 1
0 482 311 1
0 487 517 2
0 491 33 1
0 496 0 3
0 496 18 1
0 496 25 1
0 496 146 1
0 496 196 1
0 496 475 1
0 496 653 1
0 496 856 5
0 496 857 1
0 496 862 1
0 496 892 1
0 508 196 1
0 514 0 1
0 514 653 1
0 515 146 1
0 515 436 1
0 515 481 1
0 515 788 1
0 515 854 1
0 515 856 1
0 515 892 1
0 515 928 1
0 517 0 2
0 517 166 1
0 517 176 1
0 517 219 1
0 517 459 1
0 517 466 1
0 517 962 1
0 517 963 1
0 518 556 1
0 519 0 1
0 528 196 1
0 528 654 1
0 529 240 1
0 556 174 1
0 556 517 1
0 556 856 1
0 570 856 1
0 573 146 1
0 579 214 2
0 579 573 1
0 588 280 1
0 588 701 1
0 618 640 1
0 623 0 1
0 623 220 1
0 623 770 1
0 628 633 1
0 633 0 5
0 633 146 1
0 633 335 1
0 633 476 1
0 633 582 1
0 633 585 1
0 633 734 1
0 633 746 1
0 633 792 1
0 633 856 3
0 633 873 1
0 633 949 1
0 633 952 1
0 633 976 1
0 634 496 1
0 635 853 1
0 637 558 1
0 640 550 1
0 645 840 1
0 647 0 1
0 647 284 1
0 647 496 1
0 647 856 1
0 651 464 1
0 651 874 1
0 654 633 1
0 654 951 1
0 656 146 1
0 660 828 1
0 665 656 1
0 702 374 1
0 708 176 1
0 709 369 1
0 713 231 1
0 736 32 1
0 740 496 1
0 774 892 1
0 777 0 1
0 782 221 1
0 782 573 1
0 791 954 1
0 793 637 1
0 801 211 1
0 802 633 1
0 811 416 1
0 833 515 1
0 840 0 1
0 842 52 1
0 845 853 1
0 854 30 1
0 854 182 1
0 854 205 1
0 854 424 1
0 854 439 1
0 854 471 1
0 854 517 1
0 854 558 1
0 854 584 1
0 854 651 1
0 854 873 1
0 854 879 1
0 855 0 1
0 856 0 2
0 856 123 1
0 856 576 1
0 856 599 2
0 856 601 1
0 856 615 1
0 856 691 1
0 856 694 1
0 856 703 1
0 856 750 1
0 856 802 2
0 856 805 1
0 856 828 1
0 856 959 1
0 857 415 1
0 858 176 1
0 858 554 1
0 863 188 1
0 863 579 1
0 869 0 1
0 869 463 1
0 869 861 1
0 870 976 1
0 873 993 1
0 876 654 1
0 878 0 1
0 878 515 1
0 878 898 1
0 878 939 1
0 878 953 1
0 880 878 1
0 881 148 1
0 882 556 1
0 886 630 1
0 892 0 3
0 892 245 1
0 892 277 1
0 892 446 1
0 892 719 1
0 892 730 1
0 892 841 1
0 892 905 1
0 892 956 1
0 892 974 1
0 893 964 1
0 901 854 1
0 918 496 1
0 918 998 1
0 935 146 1
0 935 495 1
0 935 856 1
0 935 863 1
0 935 892 1
0 938 633 1
0 938 854 1
0 938 892 1
0 939 73 1
0 940 467 1
0 946 0 1
0 946 600 1
0 949 70 1
0 949 74 1
0 949 174 1
0 949 515 1
0 949 869 1
0 949 940 2
0 949 995 1
0 953 274 1
0 953 856 1
0 958 193 1
0 958 467 1
0 958 496 1
0 961 343 1
0 961 623 1
0 964 146 1
0 964 856 2
0 969 80 1
0 969 87 1
0 972 633 1
0 975 849 1
0 975 946 1
0 976 0 1
0 976 801 1
0 980 176 1
0 988 224 1
0 993 248 1
0 993 819 1
0 993 824 1
0 993 932 1
0 994 626 1
0 996 775 1
0 996 881 1
0 998 506 1
0 998 938 1
0 999 196 1
0 999 945 1
1 66 935 1
2 993 248 1
3 647 623 1
4 269 112 1
5 0 176 1
6 41 935 1
7 282 633 1
8 875 627 1
9 174 0 1
10 964 0 1
11 856 0 1
12 200 551 1
13 633 949 1
14 55 200 1
15 800 958 1
16 702 146 1
17 39 65 1
18 176 0 1
18 856 613 1
19 256 856 2
19 257 38 1
20 0 458 1
21 97 856 1
22 99 861 1
23 988 0 1
24 0 377 1
25 133 0 1
26 621 0 1
27 243 854 1
28 424 647 1
29 654 633 1
30 496 0 1
31 642 0 1
32 371 347 1
32 371 466 1
32 371 515 4
32 371 993 1
33 70 429 1
33 161 856 1
33 182 993 1
33 200 551 1
33 349 974 1
33 798 166 1
33 798 225 1
33 798 496 1
33 798 870 1
33 798 946 1
33 798 993 1
33 854 0 1
33 855 259 1
33 856 179 1
33 856 334 1
33 856 376 1
33 861 863 1
33 991 863 1
33 991 878 1
34 14 55 1
35 56 764 1
35 856 720 1
35 993 588 1
36 0 70 1
36 0 811 1
36 640 672 1
36 856 928 1
37 0 188 1
38 200 82 1
39 10 964 1
39 65 333 1
39 70 349 1
39 349 260 1
39 355 892 1
39 424 631 1
39 481 343 1
39 517 347 1
39 517 894 1
39 620 633 1
39 623 496 1
39 623 712 1
39 623 856 1
39 767 260 1
39 855 623 1
39 856 164 1
39 856 598 1
39 856 808 1
39 879 993 1
39 949 993 1
39 953 993 1
39 961 782 1
40 767 782 1
41 935 798 1
42 112 651 1
43 935 146 1
44 474 973 1
45 137 856 1
46 44 474 1
47 869 932 1
48 0 0 1
49 0 949 1
49 974 856 1
50 935 0 1
51 878 667 1
52 0 39 1
52 266 854 1
52 558 496 1
52 558 772 1
52 558 917 1
52 560 892 1
52 561 40 1
52 561 142 1
52 694 463 1
52 695 958 1
52 696 118 1
53 637 856 1
54 782 164 1
54 782 343 1
55 200 0 1
56 763 496 1
56 764 438 1
57 484 470 1
58 380 74 1
58 380 379 1
58 380 496 1
58 380 524 1
58 380 961 1
58 581 511 1
58 856 0 1
59 878 802 1
60 124 647 1
60 927 0 1
61 174 371 1
62 81 466 1
63 496 856 1
64 976 782 1
65 333 467 1
66 935 348 1
67 767 489 1
68 774 892 1
69 332 873 1
69 343 993 3
69 935 856 1
70 0 515 1
70 0 949 1
70 0 976 1
70 171 536 1
70 217 73 1
70 225 854 1
70 248 302 1
70 248 528 1
70 248 770 1
70 287 964 1
70 305 770 1
70 333 0 1
70 333 626 1
70 343 849 1
70 343 856 1
70 349 905 1
70 409 70 1
70 409 517 2
70 429 854 1
70 429 856 1
70 443 146 1
70 463 517 1
70 463 892 1
70 467 146 1
70 467 892 1
70 555 856 1
70 603 214 1
70 603 467 1
70 611 892 1
70 612 156 1
70 643 881 1
70 673 654 1
70 684 633 1
70 714 654 1
70 724 953 1
70 725 933 1
70 751 514 1
70 757 351 1
70 770 800 1
70 841 517 1
70 875 545 1
70 920 892 1
70 932 892 3
70 935 0 1
70 935 146 1
70 935 148 1
70 935 160 1
70 935 612 1
70 973 443 1
70 974 351 1
70 974 641 1
70 974 860 1
71 602 716 1
72 214 0 1
73 0 153 1
73 0 892 1
73 165 424 1
73 171 670 1
74 0 892 1
74 171 223 1
74 978 528 1
74 979 242 1
75 166 993 1
75 864 640 1
75 864 801 1
75 993 932 2
75 995 0 1
76 0 935 1
76 146 723 2
76 324 976 1
76 388 869 1
76 854 0 1
76 856 19 1
76 856 873 1
77 470 515 1
77 878 515 1
78 515 261 1
79 603 214 1
79 773 196 1
79 773 856 1
79 920 892 1
79 973 214 2
80 449 892 1
80 618 965 1
80 623 528 1
80 623 801 1
80 635 0 1
80 856 288 1
81 466 754 1
82 0 496 1
83 146 258 1
83 188 856 1
84 702 402 1
85 0 0 1
86 460 515 1
87 42 112 1
88 297 0 2
88 946 624 1
89 102 856 1
90 166 856 1
91 993 730 1
92 0 381 1
92 249 467 1
92 633 856 1
92 871 515 1
93 200 552 1
94 102 73 1
95 906 892 1
96 856 328 1
97 856 374 1
98 366 273 1
99 861 0 1
100 949 993 1
101 21 97 1
102 73 0 1
102 487 993 1
102 517 345 1
102 856 147 1
102 856 572 1
102 950 513 1
103 990 863 1
104 993 809 1
105 556 146 1
106 0 633 1
107 188 873 1
107 573 919 1
108 0 356 1
109 856 448 1
110 0 556 1
110 456 759 1
111 949 995 1
111 961 70 1
112 0 0 1
112 0 517 1
112 7 282 1
112 78 515 1
112 85 0 1
112 128 579 1
112 180 633 1
112 186 968 1
112 238 234 1
112 272 871 1
112 289 0 1
112 295 579 1
112 363 935 1
112 410 310 1
112 530 704 1
112 598 0 1
112 599 492 1
112 599 631 1
112 651 233 1
112 694 958 1
112 723 0 1
112 743 0 1
112 771 633 1
112 802 633 1
112 823 633 1
112 873 74 1
112 887 935 1
112 895 776 1
112 902 515 1
113 70 343 1
114 188 174 1
114 935 146 1
114 995 623 1
115 146 959 1
116 349 172 1
116 849 892 1
116 933 989 1
116 973 528 1
117 528 594 1
117 556 146 1
118 347 171 1
118 456 759 1
118 463 908 1
118 470 0 1
118 483 0 1
118 515 174 1
118 515 200 1
119 188 556 1
120 0 320 1
120 179 854 1
120 214 832 1
120 799 0 1
120 911 949 1
121 35 993 1
122 774 892 1
123 0 0 1
123 633 125 1
124 647 0 1
125 0 176 1
126 0 26 1
126 496 856 1
127 166 881 1
127 333 0 1
128 579 943 1
129 176 517 1
130 517 935 1
130 863 681 1
130 866 0 1
131 225 196 1
131 782 869 1
131 782 993 1
131 890 856 1
132 70 443 1
132 70 751 1
132 70 935 1
132 432 247 1
132 517 278 1
132 993 410 1
132 995 593 1
133 0 0 1
133 0 517 1
133 515 146 1
133 962 573 1
134 0 148 1
134 188 993 1
135 239 39 1
135 343 940 1
135 623 528 1
135 782 449 1
136 39 623 1
137 856 735 1
138 935 640 1
139 170 536 1
139 188 952 1
139 248 197 1
139 349 536 1
139 611 892 1
139 626 146 1
139 782 643 1
139 809 244 1
140 39 767 1
141 131 890 1
142 33 798 1
143 112 7 1
144 33 161 1
145 112 743 1
146 0 0 4
146 0 33 1
146 0 70 1
146 0 100 1
146 0 114 1
146 0 127 1
146 0 309 1
146 0 341 1
146 0 384 1
146 0 403 1
146 0 406 1
146 0 588 1
146 0 628 1
146 0 633 4
146 0 645 1
146 0 802 1
146 0 855 1
146 0 939 1
146 0 953 1
146 0 969 1
146 0 993 2
146 213 0 1
146 222 0 1
146 230 570 1
146 236 633 1
146 252 424 1
146 258 0 1
146 258 163 1
146 262 378 1
146 270 897 1
146 281 641 1
146 295 232 1
146 314 633 1
146 353 633 2
146 402 0 2
146 402 321 1
146 420 855 1
146 433 707 1
146 449 0 3
146 449 330 1
146 449 525 1
146 461 633 2
146 472 778 1
146 533 633 1
146 562 251 1
146 563 887 1
146 567 633 1
146 568 176 1
146 568 962 1
146 574 565 1
146 597 0 1
146 610 0 1
146 664 0 1
146 674 0 1
146 678 0 1
146 678 571 1
146 679 176 2
146 679 579 1
146 679 640 1
146 688 220 1
146 693 633 1
146 698 703 1
146 700 424 1
146 705 76 1
146 723 371 4
146 723 372 1
146 727 371 1
146 742 496 1
146 744 640 1
146 745 70 1
146 748 0 1
146 769 424 1
146 787 692 1
146 795 0 1
146 803 180 1
146 810 242 1
146 817 244 1
146 867 935 1
146 868 220 1
146 872 77 1
146 877 236 1
146 877 633 1
146 884 0 1
146 896 0 1
146 897 633 1
146 923 12 1
146 923 403 1
146 931 113 1
146 957 633 1
146 959 0 1
146 964 146 1
146 966 0 1
147 892 401 2
148 0 0 1
148 0 176 1
148 0 305 1
148 52 266 1
148 52 560 1
148 52 561 1
148 146 0 1
148 146 568 1
148 196 0 1
148 275 647 1
148 478 242 1
148 481 146 1
148 559 907 1
148 839 496 2
148 854 496 1
148 856 694 1
148 856 756 1
148 856 895 1
148 873 854 1
148 873 996 1
148 971 200 1
148 976 375 1
148 986 139 1
149 39 623 1
150 86 460 1
151 856 846 1
152 540 200 1
153 633 0 1
154 838 455 1
154 854 833 1
155 556 0 1
156 439 0 1
157 132 995 1
158 80 623 1
159 0 892 1
160 633 417 1
161 255 633 1
161 419 146 1
161 856 0 1
162 118 456 1
163 633 856 2
163 853 70 1
163 973 672 1
164 424 578 1
164 515 612 1
165 424 449 1
166 0 0 1
166 0 508 1
166 146 0 1
166 407 655 2
166 656 856 2
166 856 0 2
166 856 925 1
166 881 863 1
166 993 932 1
167 0 0 1
167 146 884 1
168 146 0 1
169 80 449 1
170 0 69 1
170 536 954 1
170 538 39 1
171 223 0 1
171 536 0 1
171 670 953 1
171 850 892 1
171 969 105 1
172 633 309 1
173 856 599 1
174 0 0 1
174 0 637 1
174 0 938 1
174 191 176 1
174 194 0 1
174 201 32 1
174 206 112 1
174 207 854 1
174 370 515 1
174 371 148 1
174 371 515 1
174 371 637 2
174 371 725 1
174 371 854 1
174 371 892 1
174 373 32 2
174 373 39 1
174 387 921 1
174 488 0 1
174 499 641 1
174 502 628 1
174 912 242 1
174 915 0 1
175 851 0 1
175 851 515 1
175 851 935 1
176 0 0 2
176 0 130 1
176 0 196 1
176 0 221 1
176 0 478 1
176 0 496 1
176 0 517 1
176 0 618 1
176 0 623 1
176 0 856 1
176 0 858 1
176 0 869 1
176 0 949 1
176 0 998 1
176 11 856 1
176 123 0 1
176 174 370 1
176 264 955 1
176 283 214 1
176 305 643 1
176 319 0 1
176 323 520 1
176 342 196 1
176 378 627 1
176 399 263 1
176 408 892 1
176 439 0 1
176 481 993 1
176 517 441 1
176 517 962 1
176 554 494 1
176 573 196 1
176 579 612 1
176 590 135 1
176 598 837 1
176 601 0 1
176 675 134 1
176 758 854 1
176 799 147 1
176 809 656 1
176 833 188 1
176 841 625 1
176 856 0 1
176 856 192 1
176 856 334 1
176 856 342 1
176 856 873 2
176 861 323 1
176 861 354 1
176 955 772 1
176 960 525 1
176 993 0 1
176 993 932 1
177 0 61 1
177 0 840 1
177 507 465 1
178 92 871 1
179 515 854 1
179 854 940 1
180 176 399 1
180 633 308 1
181 293 112 1
181 431 987 1
181 598 853 1
181 976 783 1
182 248 214 1
182 511 148 1
182 993 277 1
183 0 135 1
184 528 196 1
185 8 875 1
186 968 228 1
187 854 345 1
188 146 567 1
188 159 0 1
188 173 856 1
188 174 502 1
188 220 854 1
188 369 699 1
188 449 484 1
188 490 52 1
188 490 267 1
188 556 0 1
188 564 856 1
188 587 856 1
188 618 0 1
188 623 0 1
188 657 70 1
188 856 0 1
188 856 938 1
188 873 854 1
188 908 873 1
188 912 296 1
188 949 640 1
188 952 993 1
188 976 623 1
188 993 892 1
189 0 32 1
190 0 935 1
190 598 271 1
191 176 573 1
191 244 955 1
192 633 109 1
193 430 255 1
194 0 466 1
194 633 190 1
195 148 478 1
196 0 196 1
196 0 475 1
196 0 633 1
196 0 665 1
196 0 854 1
196 62 81 1
196 70 875 1
196 146 0 2
196 146 700 1
196 146 745 1
196 174 207 1
196 181 431 1
196 181 976 1
196 331 515 1
196 449 146 1
196 487 0 1
196 487 940 2
196 509 242 1
196 518 512 1
196 562 427 1
196 640 669 1
196 844 118 1
196 856 98 1
196 856 301 1
196 869 250 1
196 869 718 1
196 943 196 1
196 944 39 1
196 993 248 1
196 993 457 1
196 995 0 1
197 0 114 1
197 517 633 1
197 949 832 1
197 961 148 1
198 949 869 1
199 27 243 1
200 0 59 1
200 0 127 1
200 0 130 1
200 0 225 1
200 82 0 1
200 146 0 1
200 148 856 1
200 411 112 1
200 551 0 2
200 551 496 2
200 551 619 1
200 551 971 1
200 552 146 1
200 552 481 1
200 856 887 2
200 856 888 1
200 856 903 1
200 950 0 1
200 993 0 1
201 32 371 1
202 892 0 1
203 623 528 1
203 892 873 1
203 953 993 1
204 75 864 1
205 998 204 1
206 112 873 1
207 854 941 1
208 167 146 1
208 434 0 1
208 514 477 1
208 779 661 1
208 892 517 1
208 892 520 1
209 36 640 1
210 0 176 1
211 76 854 1
212 200 856 1
213 0 115 1
214 0 0 1
214 0 112 1
214 0 487 1
214 0 496 2
214 0 892 2
214 52 561 1
214 146 0 1
214 146 295 1
214 146 449 2
214 146 610 1
214 146 769 1
214 146 923 1
214 174 499 1
214 177 507 1
214 244 800 1
214 303 220 1
214 303 666 1
214 304 962 1
214 338 740 1
214 414 244 1
214 462 633 1
214 510 0 1
214 511 487 1
214 559 789 1
214 594 33 1
214 598 510 1
214 609 856 1
214 732 892 2
214 799 575 1
214 801 993 1
214 831 107 1
214 832 515 1
214 854 643 1
214 856 410 1
214 873 854 1
214 920 424 1
214 949 976 1
214 971 638 1
214 976 148 1
215 58 380 1
216 349 343 1
217 73 165 1
218 176 0 1
219 554 176 1
220 799 633 1
220 854 515 1
220 863 188 1
220 870 3 1
220 870 505 1
220 870 976 1
220 941 627 1
220 993 248 1
220 993 332 1
220 993 349 1
220 993 450 1
221 486 798 1
221 598 176 1
222 0 146 1
223 0 244 2
223 0 496 1
223 856 483 1
224 517 463 1
224 800 881 1
225 196 0 1
225 854 372 1
225 856 823 1
225 892 254 1
226 964 146 2
227 964 136 1
228 600 350 1
229 534 0 1
230 570 633 1
231 0 892 1
231 697 188 1
231 938 892 2
232 0 176 1
232 146 723 1
232 335 404 1
232 723 374 1
232 856 806 1
233 334 232 1
234 244 190 1
234 248 922 1
235 37 0 1
236 586 854 1
236 633 949 1
237 859 176 1
238 176 675 1
238 234 248 1
239 39 953 1
240 0 39 1
241 514 856 1
242 0 176 1
242 0 200 1
242 70 343 1
242 126 0 1
242 146 270 1
242 148 839 1
242 306 856 1
242 487 869 1
242 496 335 1
242 511 337 1
242 517 782 1
242 518 0 1
242 518 623 1
242 854 0 1
242 873 854 1
242 949 148 1
242 964 146 1
243 854 0 1
244 0 39 1
244 0 434 1
244 15 800 1
244 52 696 1
244 126 496 1
244 174 915 1
244 190 598 1
244 276 369 1
244 800 958 1
244 856 614 1
244 856 808 1
244 949 517 1
244 949 869 1
244 955 640 1
244 971 964 1
244 976 146 1
245 4 269 1
245 517 174 1
246 0 901 1
246 1 66 1
246 174 0 1
247 208 434 1
248 197 517 1
248 214 511 1
248 214 920 1
248 302 796 1
248 385 434 1
248 440 117 1
248 517 218 1
248 528 0 1
248 548 69 1
248 643 526 1
248 701 174 1
248 770 598 1
248 770 954 1
248 902 999 2
248 922 214 1
249 226 964 1
249 260 856 1
249 467 711 1
249 758 681 1
250 0 0 1
251 656 146 1
252 176 758 1
252 424 517 1
252 633 299 1
253 0 463 1
254 523 0 1
254 998 203 1
255 0 496 1
255 633 0 1
255 856 572 1
256 856 823 1
256 856 846 1
257 38 200 1
258 0 70 1
258 163 973 1
259 623 801 1
260 794 853 1
260 798 602 1
260 856 705 1
260 949 70 1
261 0 0 1
262 378 640 1
263 487 993 1
264 955 188 1
265 946 798 1
266 854 856 1
267 763 958 1
267 764 935 1
268 947 487 1
269 112 363 1
270 0 0 1
270 897 633 1
271 70 611 1
272 871 773 1
273 242 126 1
274 835 120 1
275 496 395 1
275 647 0 1
275 935 892 1
276 369 856 1
277 154 854 1
277 918 146 1
277 918 964 1
278 0 80 1
278 892 834 1
279 428 633 1
280 964 856 1
281 641 0 1
282 633 856 1
283 214 0 1
284 112 694 1
284 131 782 1
285 697 244 1
286 964 904 1
287 964 146 1
288 729 892 1
289 0 0 1
289 278 0 1
290 39 856 1
290 112 289 1
291 70 935 1
292 70 932 1
293 112 0 1
294 854 863 1
295 232 0 1
295 579 214 1
296 232 335 1
297 0 0 1
297 0 496 1
298 146 449 1
299 0 39 1
300 709 434 1
301 72 214 1
301 633 665 1
302 796 722 1
303 176 0 1
303 220 993 1
303 666 768 1
304 962 409 1
305 214 732 2
305 409 0 1
305 643 899 1
305 770 200 1
305 847 997 1
305 848 135 1
305 993 343 1
306 856 0 1
307 822 188 1
308 515 854 1
309 0 102 1
309 104 993 1
309 118 347 1
310 496 52 1
311 424 857 1
312 139 809 1
313 801 798 1
314 633 0 1
315 112 887 1
315 144 33 1
316 176 408 1
317 633 267 1
318 955 0 1
319 0 774 1
320 0 958 1
321 0 80 1
322 367 514 1
323 520 110 1
323 520 139 1
324 926 955 1
324 976 854 1
325 520 0 1
326 599 665 1
327 463 166 1
328 176 0 1
329 517 515 1
330 242 148 1
331 515 270 1
332 146 449 1
332 873 439 1
333 0 112 1
333 0 181 1
333 0 878 1
333 170 538 1
333 378 536 1
333 467 146 1
333 537 242 1
333 626 879 1
334 232 146 1
334 232 723 1
334 496 856 1
334 515 0 1
335 367 967 1
335 404 58 1
335 434 949 2
335 874 220 1
336 70 409 1
337 853 640 1
338 515 856 1
338 740 909 1
339 57 484 1
340 515 892 1
340 784 786 1
341 242 518 1
342 196 509 1
342 935 856 1
343 196 995 1
343 496 174 1
343 515 405 1
343 648 0 1
343 733 196 1
343 733 637 1
343 733 639 1
343 849 892 1
343 856 646 2
343 856 756 2
343 878 654 1
343 940 409 1
343 993 343 1
343 993 409 2
343 993 546 1
343 993 611 1
344 176 856 1
345 576 892 1
345 623 611 1
345 772 892 1
345 856 0 1
346 209 36 1
347 0 854 1
347 171 969 1
347 226 964 1
347 343 878 1
347 577 798 1
347 841 146 1
348 801 711 1
349 0 119 1
349 172 633 1
349 260 798 1
349 343 196 1
349 358 637 1
349 409 520 1
349 439 569 1
349 467 0 1
349 536 992 1
349 841 146 1
349 905 892 1
349 974 856 1
350 517 0 1
351 553 496 1
351 873 854 1
351 892 974 1
352 58 856 1
353 633 174 2
354 634 892 1
355 892 146 1
356 856 0 1
357 168 146 1
358 637 521 1
359 265 946 1
360 914 112 1
361 749 892 1
362 633 856 1
363 935 716 1
364 220 870 1
364 785 633 1
365 0 120 1
366 273 242 1
367 514 520 1
367 967 854 1
368 242 487 1
368 854 196 1
369 699 633 1
369 708 227 1
369 856 386 1
369 921 892 1
370 515 174 1
371 70 429 1
371 70 673 1
371 148 275 1
371 176 856 1
371 347 226 1
371 347 841 1
371 400 856 1
371 466 892 1
371 515 146 1
371 515 623 1
371 515 801 2
371 515 829 1
371 516 940 1
371 637 856 1
371 637 985 1
371 722 0 1
371 725 516 1
371 854 0 1
371 892 0 1
371 977 0 1
371 993 701 1
371 995 976 1
372 176 378 1
372 993 349 1
373 0 635 1
373 32 371 2
373 33 855 1
373 39 961 1
374 70 643 1
374 176 856 1
374 188 623 1
374 200 0 1
374 668 654 1
374 993 463 1
375 517 973 1
375 993 611 1
376 633 0 1
376 633 949 1
377 807 0 1
378 0 519 1
378 496 396 1
378 536 869 1
378 627 70 1
378 640 940 1
379 74 0 1
380 74 171 1
380 379 74 1
380 496 146 1
380 524 210 1
380 961 782 1
381 588 214 1
382 33 349 1
383 999 892 1
384 955 70 1
385 434 146 1
385 503 869 1
386 802 854 1
387 921 705 1
388 869 946 1
388 993 248 1
389 166 146 1
390 892 813 1
391 0 79 1
392 0 0 1
393 0 651 1
393 120 0 1
394 176 0 1
395 647 949 1
396 421 70 1
396 421 76 1
397 176 601 1
397 556 229 1
398 0 6 1
399 263 487 1
399 629 892 1
400 856 756 1
401 654 856 2
402 0 708 1
402 0 996 1
402 321 0 1
402 633 859 1
403 424 0 1
403 633 825 1
404 58 380 1
405 801 655 1
405 873 0 1
406 94 102 1
407 655 70 1
407 655 117 1
408 892 0 1
409 0 200 1
409 0 845 1
409 70 287 1
409 146 0 1
409 517 369 1
409 517 437 1
409 517 533 1
409 520 71 1
409 833 993 1
409 836 130 1
409 856 435 1
409 869 467 1
410 310 496 1
410 660 242 1
410 718 478 1
410 892 158 1
411 112 410 1
412 0 988 1
413 856 0 1
414 244 0 1
415 682 463 1
416 352 58 1
416 512 90 1
417 424 146 1
418 856 686 1
419 146 258 1
420 855 623 1
421 70 333 1
421 76 0 1
422 946 166 1
423 75 993 1
424 0 0 1
424 0 75 1
424 0 961 1
424 146 563 1
424 146 678 2
424 146 803 1
424 449 485 1
424 517 196 1
424 578 831 1
424 605 188 1
424 613 390 1
424 631 726 1
424 647 162 1
424 856 615 1
424 856 706 1
424 856 721 1
424 857 532 1
424 904 79 1
424 1000 0 1
425 102 487 1
426 993 892 2
427 196 146 1
428 633 0 1
428 860 77 1
429 854 161 1
429 856 231 1
430 255 0 1
431 987 636 1
432 247 208 1
433 707 75 1
434 0 0 1
434 0 220 1
434 0 517 1
434 63 496 1
434 146 433 1
434 177 0 1
434 659 892 1
434 723 970 1
434 856 235 1
434 949 545 1
434 949 640 1
434 949 869 1
435 0 70 1
436 633 391 1
437 953 146 1
438 0 517 1
439 0 39 1
439 0 736 1
439 0 892 1
439 146 314 1
439 200 856 1
439 322 367 1
439 503 654 1
439 569 200 1
439 739 39 1
439 878 0 1
440 117 556 1
441 0 514 1
441 312 139 1
441 527 196 1
441 797 303 1
442 33 991 1
443 146 353 1
443 148 976 1
443 854 0 1
443 856 651 1
444 640 294 1
445 496 892 1
446 208 167 1
446 208 779 1
446 616 0 1
446 818 865 1
447 176 993 1
448 163 633 2
449 0 176 1
449 0 181 1
449 0 441 1
449 0 633 1
449 146 252 1
449 330 242 1
449 368 242 1
449 484 214 1
449 484 930 1
449 485 135 1
449 525 633 1
449 892 467 1
450 856 740 1
450 892 565 1
451 0 893 1
452 656 20 1
453 854 993 1
454 0 79 1
454 339 57 1
455 39 855 1
456 759 178 1
456 759 640 1
457 0 0 1
458 514 146 1
459 514 146 1
460 515 854 1
461 633 0 1
461 633 663 1
462 633 589 1
463 146 0 1
463 146 472 1
463 166 856 1
463 223 0 1
463 517 0 1
463 517 166 1
463 563 842 1
463 640 633 1
463 856 0 1
463 856 212 1
463 892 214 1
463 892 446 1
463 892 974 2
463 908 0 1
463 985 496 1
464 515 0 1
464 856 968 1
465 633 563 1
466 338 515 1
466 451 0 1
466 452 656 1
466 754 782 1
466 892 214 1
466 892 277 1
466 892 974 1
467 0 176 1
467 0 801 1
467 0 892 1
467 146 0 1
467 146 461 1
467 146 693 1
467 174 0 1
467 174 206 1
467 223 0 1
467 223 856 1
467 327 463 1
467 424 613 1
467 517 166 1
467 641 32 1
467 711 196 1
467 798 393 1
467 892 215 1
467 892 260 1
467 892 446 1
467 892 717 1
468 0 33 1
468 246 1 1
468 333 170 1
468 450 892 1
469 70 841 1
470 0 856 1
470 515 392 1
470 892 428 1
471 0 0 1
471 765 0 2
471 765 822 1
471 766 79 1
471 766 112 1
472 176 0 1
472 778 434 1
473 347 577 1
474 214 146 1
474 973 214 1
475 0 146 1
475 658 0 2
476 151 856 1
477 0 880 1
477 305 214 1
477 444 640 1
478 242 949 1
478 518 528 1
478 623 677 1
479 68 774 1
479 132 993 1
480 993 467 1
481 70 974 1
481 146 0 1
481 343 993 1
481 345 856 1
481 492 275 1
481 599 449 1
481 632 468 1
481 873 467 1
481 892 0 1
481 993 974 1
482 311 424 1
483 0 964 1
483 854 694 1
483 854 940 1
484 214 0 1
484 470 892 1
484 841 857 1
484 930 892 1
485 70 463 1
485 135 782 1
486 798 487 1
487 0 0 1
487 70 248 1
487 517 333 1
487 517 935 1
487 623 937 1
487 856 823 1
487 869 702 1
487 878 774 1
487 940 946 2
487 993 349 1
487 993 439 1
487 993 932 1
488 0 656 1
489 914 112 1
490 52 695 1
490 267 763 1
491 33 798 1
492 275 935 1
492 802 633 1
492 854 518 1
493 647 623 1
494 244 15 1
495 434 63 1
496 0 28 1
496 0 43 1
496 0 70 1
496 0 517 1
496 0 633 1
496 0 647 1
496 0 856 1
496 0 953 1
496 16 702 1
496 18 856 1
496 25 133 1
496 45 137 1
496 46 44 1
496 52 558 1
496 121 35 1
496 146 0 3
496 146 727 1
496 167 0 1
496 174 371 1
496 174 373 1
496 174 912 1
496 177 0 1
496 196 856 1
496 335 367 1
496 389 166 1
496 395 647 1
496 396 421 2
496 471 0 1
496 471 766 2
496 475 658 1
496 520 133 1
496 604 374 1
496 653 683 1
496 653 896 1
496 765 515 2
496 765 993 1
496 766 112 1
496 856 0 4
496 856 17 1
496 856 24 1
496 856 122 1
496 856 252 1
496 856 373 1
496 856 410 1
496 856 471 1
496 856 542 2
496 856 607 1
496 856 756 1
496 856 938 1
496 857 0 1
496 862 587 1
496 878 371 1
496 892 685 1
496 892 770 1
496 998 0 1
497 994 409 1
498 67 767 1
499 641 79 1
500 0 242 1
501 131 225 1
502 628 633 1
503 654 633 1
503 869 333 1
504 249 758 1
505 112 78 1
506 0 856 1
507 187 854 1
507 465 633 1
508 196 0 1
509 242 0 1
510 0 856 1
510 496 174 1
510 497 994 1
510 498 67 1
511 148 971 1
511 337 853 1
511 481 492 1
511 487 993 1
511 583 831 1
511 833 188 1
512 73 0 1
512 90 166 1
512 92 249 1
513 58 581 1
514 0 964 1
514 146 0 1
514 146 597 1
514 313 801 1
514 336 70 1
514 477 0 1
514 520 92 1
514 566 556 1
514 653 0 1
514 856 252 1
514 856 928 1
515 0 454 1
515 0 496 1
515 0 856 1
515 0 999 1
515 146 0 1
515 146 281 1
515 146 688 1
515 146 742 1
515 146 787 1
515 146 897 1
515 146 923 1
515 166 856 1
515 174 201 1
515 174 387 1
515 200 551 1
515 241 514 1
515 261 0 1
515 270 0 1
515 392 0 1
515 405 873 1
515 436 633 1
515 481 345 1
515 481 873 1
515 510 498 1
515 528 481 1
515 570 892 1
515 612 892 1
515 617 157 1
515 623 146 1
515 627 246 1
515 788 36 1
515 801 0 1
515 801 365 1
515 801 993 1
515 829 892 1
515 854 146 1
515 854 468 1
515 854 517 1
515 854 723 1
515 854 856 1
515 854 993 1
515 856 60 1
515 856 291 1
515 856 599 1
515 892 0 2
515 892 214 1
515 892 974 1
515 928 680 1
515 998 868 1
516 176 481 1
516 940 467 1
517 0 83 1
517 0 528 1
517 0 854 1
517 0 892 1
517 166 0 1
517 166 407 2
517 174 373 1
517 176 0 1
517 184 528 1
517 196 146 1
517 196 174 1
517 196 869 1
517 218 176 1
517 219 554 1
517 278 892 1
517 333 0 1
517 345 576 1
517 347 0 1
517 347 343 1
517 369 921 1
517 437 953 1
517 441 527 1
517 459 514 1
517 463 640 1
517 463 892 1
517 466 338 1
517 515 166 1
517 533 633 1
517 633 856 1
517 760 623 1
517 782 214 1
517 816 623 1
517 894 412 1
517 935 449 1
517 935 511 1
517 935 856 1
517 936 496 1
517 962 254 1
517 962 385 1
517 962 573 1
517 963 166 1
517 973 216 1
518 0 0 1
518 512 73 1
518 528 146 1
518 556 549 1
518 591 892 1
518 623 856 1
519 0 633 1
520 0 146 1
520 58 380 1
520 71 602 1
520 92 0 1
520 110 0 1
520 133 515 1
520 134 188 1
520 139 626 1
521 528 155 1
522 120 799 1
523 0 161 1
524 210 0 1
525 633 0 1
525 891 463 1
526 285 697 1
527 196 181 1
528 0 496 1
528 146 957 1
528 155 556 1
528 196 856 1
528 196 993 1
528 424 605 1
528 481 599 1
528 565 200 1
528 594 132 1
528 654 633 1
528 790 176 1
528 801 940 1
528 829 892 1
528 854 993 1
528 892 873 1
529 240 0 1
530 704 70 1
531 892 0 1
532 856 397 1
533 633 507 1
533 633 942 1
534 0 0 1
535 33 798 1
535 51 878 1
536 0 949 1
536 869 946 1
536 954 995 1
536 992 33 1
537 242 854 1
538 33 70 1
538 39 949 1
539 955 0 1
540 200 950 1
541 958 856 1
542 19 256 1
542 19 257 1
543 176 833 1
544 0 33 1
545 188 159 1
545 344 176 1
545 973 214 1
546 148 0 1
546 522 120 1
547 856 598 1
548 69 343 1
549 479 132 1
550 0 434 1
551 0 0 1
551 0 176 1
551 70 603 1
551 199 27 1
551 496 653 1
551 496 856 1
551 619 0 1
551 971 637 1
552 146 867 1
552 481 70 1
553 496 998 1
554 176 554 1
554 244 949 1
554 494 244 1
555 856 484 1
556 0 854 1
556 0 980 1
556 146 0 1
556 146 420 1
556 146 744 1
556 174 488 1
556 229 534 1
556 517 962 1
556 549 479 1
556 599 633 1
556 723 0 1
556 856 483 1
556 971 496 1
557 176 856 1
558 176 283 1
558 496 856 1
558 611 623 1
558 772 892 1
558 917 18 1
559 789 855 1
559 907 654 1
560 892 0 1
561 33 798 1
561 40 767 1
561 114 935 1
561 142 33 1
562 251 656 1
562 427 196 1
563 0 0 1
563 196 518 1
563 842 52 1
563 887 176 1
564 856 0 1
565 196 487 1
565 200 993 1
565 423 75 1
565 854 938 1
566 424 146 1
566 425 102 1
566 556 146 1
567 633 873 1
568 176 799 1
568 962 687 1
569 200 0 1
570 633 475 1
570 856 667 1
570 892 772 1
571 869 809 1
572 0 633 1
572 968 633 1
573 146 0 1
573 146 222 1
573 146 461 1
573 146 574 1
573 196 449 1
573 517 816 1
573 878 856 1
573 919 543 1
573 993 565 1
573 993 965 1
573 993 974 1
574 565 196 1
575 378 496 1
576 0 36 1
576 892 467 1
577 798 563 1
578 831 70 1
579 214 146 2
579 214 462 1
579 214 831 1
579 214 949 1
579 573 993 1
579 612 467 1
579 943 573 1
580 496 0 1
580 798 492 1
581 511 583 1
582 89 102 1
583 831 0 1
583 993 152 1
584 0 946 1
585 70 684 1
586 854 88 1
587 0 242 1
587 214 174 1
587 383 999 1
587 856 0 1
588 0 517 1
588 214 873 1
588 280 964 1
588 701 146 1
589 854 962 1
590 135 343 1
591 892 900 1
592 0 878 1
593 349 358 1
594 33 856 1
594 132 517 1
595 806 715 1
596 0 935 1
596 561 114 1
596 852 112 1
597 0 515 1
598 0 854 1
598 0 994 1
598 0 996 1
598 176 598 1
598 271 70 1
598 480 993 1
598 510 496 1
598 544 0 1
598 627 496 1
598 837 132 1
598 853 174 1
598 993 547 1
599 0 58 1
599 0 300 1
599 279 428 1
599 361 749 1
599 449 0 1
599 492 802 1
599 511 833 1
599 512 92 1
599 631 334 1
599 633 949 1
599 665 900 1
599 671 633 1
599 916 0 1
599 924 802 1
600 0 76 1
600 350 517 1
601 0 445 1
601 0 482 1
602 598 0 1
602 716 718 1
602 854 993 1
603 214 609 1
603 214 801 1
603 467 0 1
603 623 587 1
604 374 70 1
605 188 618 1
606 633 961 1
607 0 515 1
608 176 319 1
609 856 904 1
610 0 496 1
611 623 474 1
611 892 0 1
611 892 214 1
611 892 316 1
611 892 974 1
611 908 0 1
612 0 148 1
612 156 439 1
612 467 0 1
612 467 641 1
612 892 214 1
613 390 892 1
613 595 806 1
613 642 133 1
614 0 0 1
615 0 305 1
615 780 255 1
616 0 856 1
617 157 132 1
618 0 116 1
618 640 305 1
618 640 541 1
618 640 933 1
618 640 962 1
618 965 487 1
619 0 496 1
620 633 919 1
621 0 958 1
622 108 0 1
623 0 0 1
623 0 148 1
623 70 467 1
623 146 0 1
623 148 481 1
623 220 993 1
623 286 964 1
623 474 214 1
623 493 647 1
623 496 856 1
623 528 790 1
623 528 854 1
623 528 892 1
623 587 0 1
623 587 214 1
623 596 852 1
623 611 892 1
623 643 333 1
623 677 479 1
623 712 0 1
623 770 481 1
623 798 393 1
623 801 70 1
623 801 993 1
623 804 0 1
623 829 0 1
623 856 231 1
623 856 803 1
623 937 857 1
623 949 995 2
623 958 983 1
624 556 599 1
625 953 146 1
626 146 0 1
626 613 642 1
626 873 854 1
626 879 873 1
627 70 409 1
627 246 0 1
627 463 892 1
627 496 856 1
627 517 935 1
627 850 892 1
627 885 812 1
628 633 0 1
628 633 710 1
629 892 974 1
630 176 0 1
631 334 232 1
631 726 618 1
632 468 0 1
633 0 0 4
633 0 33 1
633 0 70 1
633 0 76 1
633 0 112 1
633 0 132 1
633 0 141 1
633 0 176 1
633 0 196 1
633 0 208 1
633 0 224 1
633 0 242 1
633 0 472 1
633 0 491 1
633 0 579 1
633 0 709 1
633 0 713 1
633 0 869 1
633 0 935 1
633 2 993 1
633 52 558 1
633 56 763 1
633 109 856 1
633 125 0 1
633 146 896 1
633 174 191 1
633 174 371 1
633 174 373 1
633 175 851 3
633 190 0 1
633 267 764 1
633 275 496 1
633 299 0 1
633 308 515 1
633 309 104 1
633 318 955 1
633 335 874 1
633 340 515 1
633 340 784 1
633 371 977 1
633 388 993 1
633 391 0 1
633 417 424 1
633 422 946 1
633 475 658 1
633 476 151 1
633 485 70 1
633 507 187 1
633 551 199 1
633 557 176 1
633 561 33 1
633 563 0 1
633 582 89 1
633 585 70 1
633 589 854 1
633 596 561 1
633 608 176 1
633 653 0 1
633 663 203 1
633 665 958 1
633 676 854 1
633 710 69 1
633 734 200 1
633 737 856 1
633 746 70 1
633 792 469 1
633 801 171 1
633 825 0 1
633 833 863 1
633 854 163 1
633 856 0 1
633 856 22 1
633 856 253 1
633 856 301 1
633 856 315 1
633 856 324 1
633 856 373 1
633 856 531 1
633 856 596 1
633 856 599 2
633 856 649 1
633 856 745 1
633 856 781 1
633 856 873 1
633 856 910 1
633 858 935 1
633 859 176 1
633 859 556 1
633 871 892 1
633 873 504 1
633 873 996 1
633 878 802 1
633 882 196 1
633 919 463 1
633 942 111 1
633 949 0 1
633 949 468 1
633 949 515 1
633 949 762 1
633 949 936 1
633 949 940 1
633 952 52 1
633 953 70 1
633 961 856 1
633 976 466 1
633 976 627 1
633 976 854 1
633 976 935 1
634 496 174 1
634 892 439 1
635 0 0 1
635 853 623 1
636 305 847 1
637 146 213 1
637 284 112 1
637 521 528 1
637 558 611 1
637 689 633 1
637 856 129 1
637 856 785 1
637 985 517 1
638 75 995 1
639 112 272 1
640 0 633 1
640 294 854 1
640 305 848 1
640 325 520 1
640 382 33 1
640 466 892 1
640 541 958 1
640 550 0 1
640 633 0 1
640 633 856 1
640 669 48 1
640 672 496 1
640 752 918 1
640 854 0 1
640 872 110 1
640 894 176 1
640 933 892 1
640 934 892 1
640 940 0 1
640 962 0 1
641 0 112 1
641 0 349 1
641 32 371 1
641 79 603 1
641 93 200 1
642 0 856 1
642 133 0 1
643 0 13 1
643 146 0 1
643 333 537 1
643 526 285 1
643 881 633 1
643 899 929 1
643 974 148 1
644 955 583 1
645 840 0 1
646 54 782 1
646 106 0 1
647 0 69 1
647 0 116 1
647 0 878 1
647 162 118 1
647 284 131 1
647 496 146 1
647 623 493 1
647 623 949 1
647 856 747 1
647 949 298 1
648 0 317 1
648 0 856 1
649 53 637 1
650 633 878 1
651 88 297 1
651 233 334 1
651 464 515 1
651 665 962 1
651 785 633 1
651 874 826 1
652 892 214 1
652 892 847 1
653 0 196 1
653 0 471 1
653 622 108 1
653 683 867 1
653 896 545 1
654 0 39 1
654 496 856 1
654 633 0 1
654 633 318 1
654 633 485 1
654 633 676 1
654 633 858 1
654 633 859 1
654 633 949 1
654 854 220 1
654 856 912 1
654 856 913 1
654 892 214 1
654 951 139 1
655 0 654 1
655 70 463 1
655 117 528 1
655 132 70 1
656 20 0 1
656 146 0 1
656 146 664 1
656 426 993 1
656 496 177 1
656 856 0 1
656 856 307 1
657 70 333 1
658 0 0 1
658 0 140 1
659 70 555 1
659 892 659 1
660 242 496 1
660 828 0 1
661 176 809 1
661 856 0 1
662 203 623 1
663 203 892 1
664 0 39 1
665 656 426 1
665 900 856 1
665 958 188 1
665 962 718 1
666 768 35 1
667 232 856 1
667 856 823 1
668 654 496 1
668 655 132 1
669 48 0 1
670 953 70 1
671 633 422 1
672 496 878 1
672 514 856 1
673 654 854 1
674 0 220 1
675 39 620 1
675 134 0 1
676 854 70 1
677 479 68 1
678 0 869 1
678 571 869 1
679 176 323 1
679 176 861 1
679 579 214 1
679 640 894 1
680 33 854 1
681 220 870 1
681 515 0 1
682 463 146 1
683 867 326 1
684 633 854 1
685 103 990 1
686 515 241 1
686 633 551 1
687 830 599 1
688 220 863 1
689 633 0 1
690 892 728 1
691 169 80 1
691 773 675 1
692 112 598 1
693 515 510 1
693 633 52 1
694 463 223 1
694 782 343 1
694 958 842 3
695 958 188 1
696 118 463 1
697 188 657 1
697 244 971 1
698 703 176 1
699 633 801 1
700 424 856 1
701 146 817 1
701 174 371 1
701 652 892 1
702 146 236 1
702 174 371 1
702 374 668 1
702 402 633 1
703 176 439 1
703 515 146 1
704 70 0 1
705 33 991 1
705 76 146 1
705 139 248 1
706 487 856 1
707 75 864 1
708 176 861 1
708 227 964 1
709 369 708 1
709 434 0 1
710 69 343 1
711 196 562 1
711 335 434 1
712 0 196 1
713 231 0 1
714 654 633 1
715 138 935 1
716 196 487 1
716 718 174 1
717 208 514 1
718 146 353 1
718 174 371 1
718 426 993 1
718 478 518 1
718 566 424 1
719 139 611 1
720 441 797 1
720 801 468 1
721 76 146 1
721 139 782 1
722 0 640 1
722 70 603 1
723 0 515 2
723 371 176 1
723 371 347 1
723 371 516 1
723 371 995 1
723 372 993 1
723 374 176 1
723 374 188 1
723 970 856 1
724 953 70 1
725 510 497 1
725 516 176 1
725 933 892 1
726 618 640 1
727 371 70 1
728 496 0 1
729 892 856 1
730 854 50 1
730 854 88 1
731 856 756 1
732 892 343 1
732 892 974 1
733 196 943 1
733 637 284 1
733 639 112 1
734 200 411 1
735 854 976 1
736 32 371 1
737 856 194 1
738 439 739 1
739 39 10 1
740 0 623 1
740 496 0 1
740 909 653 1
741 424 856 1
742 346 209 1
742 496 121 1
743 0 515 1
744 640 752 1
745 32 371 1
745 70 171 1
746 70 248 1
747 633 275 1
748 0 0 1
749 892 856 1
750 854 441 1
751 514 336 1
752 918 0 1
753 496 856 1
753 853 958 1
754 782 418 1
755 33 856 1
756 148 52 1
756 871 496 1
756 871 856 1
756 883 0 1
756 889 133 1
756 939 0 1
757 351 892 1
758 681 220 1
758 854 869 1
759 178 92 1
759 640 872 1
760 623 958 1
761 200 551 1
762 0 35 1
763 496 167 1
763 958 188 1
764 438 0 1
764 935 146 1
765 0 143 1
765 0 946 1
765 515 854 2
765 822 627 1
765 993 0 1
766 79 773 1
766 112 599 1
766 112 895 1
767 260 794 1
767 489 914 1
767 782 843 1
768 35 856 1
769 424 904 1
770 200 856 1
770 481 632 1
770 598 627 1
770 800 0 1
770 950 0 1
770 954 856 1
771 633 653 1
772 0 112 1
772 238 176 1
772 892 214 1
772 892 467 1
772 980 496 1
772 981 242 1
772 981 994 1
772 982 58 1
773 196 487 1
773 675 39 1
773 856 376 1
773 892 214 1
774 892 467 1
774 892 580 1
774 892 814 1
774 892 856 1
775 856 598 1
776 515 998 1
777 0 660 1
778 434 856 1
779 661 176 1
780 255 856 1
781 0 112 1
782 70 217 1
782 164 424 1
782 214 0 1
782 214 303 1
782 221 598 1
782 343 733 1
782 343 856 2
782 418 856 1
782 449 484 1
782 573 517 1
782 643 974 1
782 843 822 1
782 863 214 1
782 869 343 1
782 993 875 1
783 244 949 1
784 786 633 1
785 633 174 1
785 633 856 2
786 633 0 1
787 692 112 1
788 36 0 1
789 855 949 1
790 176 0 1
791 954 0 1
792 469 70 1
793 637 146 1
794 853 0 1
795 0 588 1
796 722 70 1
797 303 176 1
798 166 656 1
798 185 8 1
798 225 856 1
798 393 0 1
798 393 120 1
798 453 854 1
798 487 70 1
798 492 854 1
798 496 856 1
798 563 196 1
798 602 598 1
798 602 854 1
798 870 856 1
798 946 0 1
798 993 249 1
799 0 518 1
799 147 892 1
799 575 378 1
799 633 856 1
800 0 196 1
800 881 633 1
800 958 933 1
800 958 935 1
801 0 0 1
801 0 112 1
801 70 724 1
801 171 850 1
801 211 76 1
801 365 0 1
801 468 333 1
801 655 0 1
801 711 335 1
801 798 453 1
801 854 651 1
801 940 948 1
801 993 248 1
801 993 718 1
801 993 974 1
801 995 725 1
802 633 0 1
802 633 2 1
802 633 340 2
802 633 388 1
802 633 871 1
802 633 976 1
802 854 573 1
802 978 244 1
803 180 176 1
803 292 70 1
804 0 54 1
805 633 856 1
806 633 557 1
806 715 138 1
807 0 833 1
808 975 399 1
808 975 633 1
809 244 976 1
809 656 496 1
809 964 146 1
809 964 856 1
810 242 964 1
811 416 352 1
812 0 434 1
813 644 955 1
814 39 856 1
815 856 0 1
816 623 804 1
817 244 174 1
818 865 0 1
819 496 856 1
820 633 856 1
821 146 674 1
822 188 490 1
822 188 976 1
822 481 892 1
822 627 463 1
823 633 175 3
823 633 561 1
823 633 596 1
823 633 737 1
824 500 0 1
825 0 938 1
826 477 444 1
826 856 268 1
827 654 633 1
828 0 290 1
828 661 856 1
829 0 49 1
829 0 364 1
829 892 0 1
829 892 214 2
830 580 496 1
830 599 0 1
831 0 196 1
831 70 935 1
831 107 573 1
832 515 892 1
832 860 69 1
833 188 912 1
833 188 949 1
833 515 146 1
833 863 424 1
833 993 782 1
833 997 0 1
834 856 738 1
835 120 214 1
836 130 866 1
837 132 70 1
838 455 39 1
839 496 45 1
839 496 46 1
840 0 359 1
840 0 856 1
841 146 679 2
841 364 785 1
841 517 196 1
841 625 953 1
841 857 309 1
842 0 305 1
842 0 647 1
842 52 0 1
842 52 558 1
842 477 305 1
842 993 892 1
843 822 481 1
843 993 892 1
844 118 483 1
845 853 0 1
846 633 976 2
847 473 347 1
847 856 720 1
847 997 515 1
848 135 239 1
849 892 0 1
849 892 668 1
849 892 731 1
850 892 0 1
850 892 214 1
851 0 454 1
851 515 146 1
851 935 815 1
852 112 180 1
853 0 76 1
853 0 496 1
853 70 305 1
853 174 194 1
853 623 70 1
853 640 854 1
853 958 983 1
854 0 112 1
854 0 248 1
854 0 357 1
854 0 496 2
854 0 556 1
854 0 634 1
854 0 873 1
854 30 496 1
854 50 935 1
854 70 0 1
854 88 297 1
854 88 946 1
854 146 723 1
854 161 419 1
854 163 853 1
854 182 248 1
854 196 993 1
854 202 892 1
854 205 998 1
854 220 993 1
854 345 623 1
854 372 176 1
854 424 856 1
854 439 0 1
854 441 0 1
854 467 327 1
854 468 450 1
854 471 765 1
854 496 471 1
854 515 481 1
854 517 347 1
854 517 936 1
854 518 591 1
854 558 176 1
854 573 146 1
854 584 0 1
854 618 640 1
854 643 146 1
854 651 88 1
854 651 665 1
854 694 782 1
854 723 374 1
854 772 980 1
854 772 981 2
854 772 982 1
854 830 580 1
854 833 997 1
854 856 648 1
854 856 959 1
854 863 188 1
854 869 933 1
854 873 188 1
854 879 826 1
854 885 987 1
854 938 501 1
854 940 467 1
854 940 652 1
854 941 643 1
854 962 0 1
854 973 214 1
854 976 515 1
854 993 0 1
854 993 249 1
854 993 592 1
854 993 623 1
854 993 973 1
855 0 176 1
855 259 623 1
855 623 587 1
855 623 949 1
855 949 856 1
856 0 0 5
856 0 29 1
856 0 39 1
856 0 64 1
856 0 83 1
856 0 118 1
856 0 145 1
856 0 176 1
856 0 234 1
856 0 335 1
856 0 398 1
856 0 529 1
856 0 623 1
856 0 633 6
856 0 647 1
856 0 854 1
856 0 856 1
856 0 878 1
856 0 892 1
856 0 938 1
856 0 940 1
856 0 949 1
856 0 958 1
856 0 993 1
856 17 39 1
856 19 256 1
856 22 99 1
856 24 0 1
856 60 927 1
856 96 856 1
856 98 366 1
856 122 774 1
856 123 633 1
856 129 176 1
856 147 892 1
856 164 515 1
856 179 515 1
856 191 244 1
856 192 633 1
856 194 633 1
856 212 200 1
856 231 697 1
856 231 938 2
856 235 37 1
856 252 176 1
856 252 633 1
856 253 0 1
856 268 947 1
856 288 729 1
856 289 278 1
856 291 70 1
856 301 72 1
856 301 633 1
856 307 822 1
856 315 112 1
856 324 926 1
856 328 176 1
856 334 496 1
856 334 515 1
856 342 935 1
856 371 722 1
856 373 0 1
856 373 33 1
856 374 993 1
856 376 633 2
856 386 802 1
856 397 556 1
856 410 660 1
856 410 892 1
856 435 0 1
856 448 163 2
856 471 765 1
856 483 854 2
856 484 841 1
856 531 892 1
856 542 19 2
856 572 0 1
856 572 968 1
856 576 0 1
856 596 0 1
856 598 0 1
856 598 480 1
856 598 993 1
856 599 0 1
856 599 279 1
856 599 361 1
856 599 511 1
856 599 512 1
856 599 671 1
856 599 916 1
856 599 924 1
856 601 0 1
856 606 633 1
856 607 0 1
856 613 595 1
856 614 0 1
856 615 0 1
856 615 780 1
856 646 54 1
856 646 106 1
856 648 0 1
856 649 53 1
856 650 633 1
856 651 785 1
856 667 232 1
856 686 633 1
856 691 169 1
856 693 515 1
856 694 958 2
856 703 515 1
856 705 33 1
856 706 487 1
856 720 441 1
856 720 801 1
856 721 76 1
856 721 139 1
856 735 854 1
856 738 439 1
856 740 0 1
856 742 346 1
856 745 32 1
856 747 633 1
856 750 854 1
856 755 33 1
856 756 148 1
856 756 871 2
856 756 883 1
856 756 889 1
856 756 939 1
856 761 200 1
856 781 0 1
856 785 633 1
856 802 633 1
856 802 978 1
856 803 292 1
856 805 633 1
856 806 633 1
856 808 975 2
856 821 146 1
856 822 188 1
856 823 633 5
856 828 661 1
856 846 633 2
856 873 640 1
856 873 869 2
856 873 993 1
856 887 434 1
856 887 892 1
856 888 0 1
856 895 146 1
856 903 196 1
856 904 112 1
856 910 315 1
856 912 603 1
856 913 131 1
856 925 827 1
856 928 551 1
856 928 820 1
856 938 397 1
856 938 869 2
856 959 0 1
856 959 691 1
856 967 867 1
856 968 633 1
857 0 146 1
857 309 118 1
857 415 682 1
857 532 856 1
857 888 200 1
858 176 0 1
858 554 244 1
858 935 892 1
859 176 0 1
859 176 955 1
859 556 971 1
859 618 640 1
860 69 935 1
860 76 856 1
860 77 470 1
860 111 961 1
861 0 514 1
861 323 520 1
861 354 634 1
861 690 892 1
861 741 424 1
861 863 935 1
862 587 383 1
863 182 511 1
863 188 146 1
863 188 449 1
863 188 908 1
863 214 146 1
863 345 772 1
863 424 0 1
863 515 801 1
863 579 214 1
863 681 515 1
863 935 528 1
863 935 856 1
864 640 0 1
864 801 995 1
865 0 886 1
866 0 464 1
867 176 342 1
867 326 599 1
867 935 146 1
868 0 496 1
868 220 993 1
869 0 70 1
869 0 118 1
869 0 949 1
869 188 220 1
869 250 0 1
869 333 378 1
869 343 733 1
869 463 856 1
869 467 174 1
869 535 51 1
869 573 993 1
869 702 174 1
869 718 146 1
869 753 853 1
869 809 964 1
869 842 993 1
869 843 993 1
869 861 690 1
869 932 60 1
869 933 989 1
869 946 0 1
869 946 598 1
870 3 647 1
870 505 112 1
870 856 599 1
870 976 424 2
871 496 0 1
871 515 0 1
871 773 892 1
871 856 742 1
871 892 214 1
872 77 878 1
872 110 456 1
873 0 961 1
873 70 932 1
873 74 978 1
873 188 856 1
873 200 856 1
873 351 553 1
873 439 878 1
873 467 892 1
873 504 249 1
873 640 466 1
873 854 467 1
873 854 772 4
873 854 830 1
873 854 993 1
873 869 573 1
873 869 843 1
873 993 881 1
873 993 974 1
873 995 623 1
873 996 170 1
873 996 881 1
874 220 799 1
874 826 477 1
875 0 463 1
875 150 86 1
875 545 973 1
875 627 517 1
875 944 102 1
876 654 0 1
877 236 586 1
877 633 856 1
878 0 0 1
878 0 120 1
878 371 70 1
878 371 400 1
878 515 146 1
878 515 528 1
878 654 633 1
878 667 856 1
878 686 515 1
878 774 892 1
878 802 633 2
878 856 448 1
878 887 623 1
878 898 0 1
878 939 112 1
878 953 70 1
879 826 856 1
879 873 200 1
879 993 349 1
880 878 887 1
881 148 146 2
881 148 856 1
881 633 0 1
881 633 953 1
881 863 935 1
881 993 535 1
882 196 331 1
882 556 723 1
883 0 102 1
884 0 34 1
885 812 0 1
885 987 0 1
886 630 176 1
887 176 305 1
887 434 0 1
887 623 798 1
887 892 0 1
887 935 861 1
888 0 36 1
888 200 551 1
889 133 962 1
890 856 761 1
891 463 985 1
892 0 0 2
892 0 39 1
892 0 70 1
892 0 208 1
892 0 362 1
892 0 434 1
892 0 442 1
892 0 515 1
892 0 579 1
892 0 791 1
892 0 854 1
892 0 856 2
892 0 858 1
892 0 863 1
892 0 918 1
892 0 949 1
892 0 999 1
892 146 0 1
892 158 80 1
892 197 949 1
892 197 961 1
892 198 949 1
892 214 0 1
892 214 52 1
892 214 146 2
892 214 177 1
892 214 244 1
892 214 303 1
892 214 304 1
892 214 338 1
892 214 510 1
892 214 559 1
892 214 594 1
892 214 799 1
892 214 854 1
892 214 971 1
892 214 976 1
892 215 58 1
892 245 517 1
892 254 523 1
892 260 949 1
892 277 918 2
892 316 176 1
892 329 517 1
892 343 496 1
892 343 515 1
892 343 648 1
892 401 654 2
892 405 801 1
892 409 833 1
892 413 856 1
892 428 860 1
892 439 146 1
892 439 200 1
892 439 503 1
892 443 854 1
892 443 856 1
892 446 208 2
892 446 616 1
892 446 818 1
892 467 146 1
892 467 174 1
892 467 223 2
892 496 766 1
892 517 184 1
892 520 58 1
892 538 33 1
892 539 955 1
892 546 148 1
892 565 854 1
892 580 798 1
892 626 873 1
892 659 70 1
892 662 203 1
892 668 655 1
892 685 103 1
892 717 208 1
892 719 139 1
892 728 496 1
892 730 854 1
892 731 856 1
892 770 950 1
892 772 238 1
892 813 644 1
892 814 39 1
892 834 856 1
892 841 364 1
892 847 856 1
892 856 0 3
892 856 721 1
892 856 821 1
892 873 854 1
892 873 995 1
892 875 0 1
892 875 944 1
892 900 517 1
892 905 892 2
892 956 976 1
892 974 0 2
892 974 148 2
892 974 149 1
892 974 183 1
892 974 374 1
892 974 375 1
892 974 496 3
892 974 801 1
892 974 860 1
893 964 856 1
894 176 856 1
894 412 0 1
895 146 568 1
895 776 515 1
896 0 654 1
896 545 188 1
897 633 0 1
897 633 882 1
898 0 416 1
899 929 132 1
900 517 196 1
900 856 967 1
901 854 0 1
902 515 892 1
902 999 514 2
903 196 70 1
904 79 973 1
904 112 802 1
904 139 170 1
905 892 405 1
905 892 413 1
905 892 443 1
906 892 214 1
906 892 343 1
907 654 892 1
908 0 9 1
908 0 146 1
908 873 70 1
909 653 622 1
910 315 144 1
911 856 650 1
911 949 146 1
912 242 511 1
912 296 232 1
912 603 623 1
913 131 782 1
914 112 771 1
914 112 823 1
915 0 487 1
916 0 176 1
917 18 176 1
918 0 146 1
918 146 964 1
918 496 604 1
918 964 0 1
918 998 0 1
919 463 856 1
919 543 176 1
920 424 0 1
920 892 214 1
920 892 875 1
921 705 139 1
921 892 197 1
922 214 414 1
923 12 200 1
923 403 424 1
924 802 633 1
925 827 654 1
926 955 573 1
927 0 5 1
928 551 70 1
928 680 33 1
928 820 633 1
929 132 432 1
930 892 214 1
931 113 70 1
932 60 124 1
932 892 0 1
932 892 343 1
932 892 409 1
932 892 446 1
932 892 539 1
932 892 626 1
932 892 662 1
932 892 974 2
933 892 443 1
933 892 538 1
933 892 546 1
933 989 33 1
933 989 47 1
934 892 0 1
935 0 0 1
935 0 196 1
935 0 244 1
935 146 0 2
935 146 449 1
935 146 533 1
935 146 679 1
935 146 877 1
935 148 196 1
935 160 633 1
935 200 551 1
935 348 801 1
935 449 368 1
935 495 434 1
935 511 481 1
935 528 801 1
935 612 0 1
935 640 633 1
935 716 196 1
935 798 185 1
935 815 856 1
935 856 0 2
935 856 191 1
935 856 606 1
935 856 755 1
935 861 741 1
935 863 182 1
935 892 197 1
935 892 198 1
935 892 856 1
936 23 988 1
936 496 389 1
937 857 888 1
938 154 838 1
938 397 176 1
938 501 131 1
938 633 0 1
938 854 885 1
938 869 188 1
938 869 842 1
938 892 329 1
938 892 439 2
939 0 856 1
939 73 171 1
939 112 723 1
940 0 118 1
940 0 793 1
940 245 4 1
940 409 517 1
940 467 798 1
940 467 892 2
940 652 892 1
940 753 496 1
940 946 0 1
940 946 528 1
940 948 0 1
941 627 885 1
941 643 0 1
942 111 949 1
943 196 844 1
943 573 878 1
944 39 856 1
944 102 517 1
945 112 902 1
946 0 107 1
946 0 176 1
946 0 244 1
946 0 496 1
946 0 892 1
946 166 0 1
946 528 829 1
946 598 544 1
946 600 0 1
946 624 556 1
946 798 602 1
947 487 623 1
948 0 70 1
949 0 918 1
949 70 932 1
949 70 935 1
949 74 979 1
949 146 723 1
949 148 856 1
949 174 371 1
949 298 146 1
949 468 246 1
949 515 627 1
949 515 856 1
949 517 760 1
949 545 344 1
949 640 382 1
949 640 934 1
949 762 0 1
949 832 860 1
949 856 693 1
949 869 0 2
949 869 535 1
949 869 753 1
949 936 23 1
949 940 0 1
949 940 245 1
949 940 753 1
949 976 873 1
949 993 248 1
949 993 847 1
949 995 566 1
949 995 829 2
949 995 906 1
950 0 75 1
950 0 246 1
950 513 58 1
951 139 349 1
952 52 694 1
952 993 984 1
953 70 0 1
953 70 225 1
953 70 757 1
953 70 770 1
953 146 262 1
953 146 877 1
953 274 835 1
953 856 0 1
953 993 0 1
953 993 911 1
954 0 579 1
954 856 289 1
954 995 447 1
955 0 237 1
955 0 857 1
955 70 248 1
955 188 173 1
955 573 146 1
955 583 993 1
955 640 325 1
955 772 0 1
956 976 878 1
957 633 608 1
958 188 369 1
958 188 490 1
958 188 587 1
958 193 430 1
958 467 517 1
958 496 16 1
958 842 0 2
958 842 477 1
958 856 231 1
958 933 892 1
958 935 200 1
958 983 0 1
958 983 520 1
959 0 633 1
959 0 972 1
959 691 773 1
960 525 891 1
961 70 974 1
961 148 873 1
961 343 993 1
961 623 596 1
961 782 70 1
961 782 863 1
961 856 0 1
962 0 92 1
962 0 856 1
962 254 998 1
962 385 503 1
962 409 0 1
962 573 146 1
962 573 993 1
962 687 830 1
962 718 426 1
963 166 656 1
964 0 116 1
964 0 863 1
964 136 39 1
964 146 0 1
964 146 402 1
964 146 698 1
964 146 705 1
964 146 795 1
964 146 810 1
964 146 868 1
964 856 0 2
964 856 96 1
964 856 599 1
964 856 823 1
964 859 618 1
964 904 139 1
965 148 0 1
965 487 878 1
966 0 633 1
967 854 618 1
967 867 176 1
968 228 600 1
968 633 56 1
968 633 371 1
969 80 623 1
969 87 42 1
969 105 556 1
970 856 822 1
971 200 0 1
971 496 396 1
971 637 689 1
971 638 75 1
971 964 859 1
972 633 833 1
973 214 0 2
973 214 146 1
973 214 598 1
973 214 856 1
973 216 349 1
973 443 148 1
973 528 565 1
973 612 467 1
973 672 514 1
974 0 84 1
974 0 195 1
974 148 52 1
974 148 873 1
974 148 986 1
974 149 39 1
974 183 0 1
974 351 873 1
974 374 200 1
974 375 993 1
974 496 471 2
974 496 765 3
974 641 0 1
974 641 93 1
974 801 0 1
974 856 371 1
974 856 938 1
974 860 76 1
974 860 111 1
974 892 905 1
975 399 629 1
975 633 0 1
975 849 892 1
975 946 0 1
976 146 0 1
976 148 559 1
976 375 517 1
976 424 146 2
976 424 1000 1
976 466 451 1
976 515 570 1
976 623 148 1
976 627 850 1
976 782 214 1
976 783 244 1
976 801 854 1
976 854 202 1
976 854 973 1
976 873 351 1
976 878 371 1
976 935 0 1
977 0 651 1
978 244 856 1
978 528 424 1
979 242 70 1
980 176 0 1
980 496 146 1
981 242 873 1
981 994 409 1
982 58 380 1
983 0 146 1
983 520 134 1
984 0 0 1
985 496 520 1
985 517 463 1
986 139 188 1
987 0 197 1
987 636 305 1
988 0 394 1
988 224 800 1
989 33 861 1
989 47 869 1
990 863 345 1
991 863 515 1
991 878 686 1
992 33 798 1
993 0 116 1
993 0 496 1
993 0 517 1
993 0 854 1
993 0 856 1
993 152 540 1
993 248 385 1
993 248 440 1
993 248 548 1
993 248 643 1
993 248 770 1
993 248 902 2
993 249 226 1
993 249 260 1
993 277 154 1
993 332 146 1
993 343 733 1
993 343 856 1
993 349 0 1
993 349 409 1
993 349 467 1
993 349 841 1
993 409 836 1
993 409 856 1
993 410 718 1
993 439 322 1
993 450 856 1
993 457 0 1
993 463 892 1
993 467 424 1
993 535 33 1
993 546 522 1
993 547 856 1
993 565 423 1
993 588 0 1
993 592 0 1
993 611 892 1
993 611 908 1
993 623 643 1
993 701 652 1
993 718 566 1
993 730 854 1
993 782 343 1
993 809 964 1
993 819 496 1
993 824 500 1
993 847 473 1
993 875 150 1
993 881 993 1
993 892 0 1
993 892 496 1
993 892 875 1
993 892 974 2
993 911 856 1
993 932 892 6
993 965 148 1
993 973 612 1
993 974 496 2
993 974 641 1
993 974 892 1
993 984 0 1
994 409 146 1
994 409 869 1
994 626 613 1
995 0 49 1
995 0 148 1
995 447 176 1
995 566 425 1
995 593 349 1
995 623 286 1
995 623 829 1
995 725 510 1
995 829 0 1
995 829 892 1
995 906 892 1
995 976 424 1
996 170 0 1
996 775 856 1
996 881 148 2
997 0 881 1
997 515 617 1
998 0 95 1
998 0 976 1
998 203 953 1
998 204 75 1
998 506 0 1
998 868 0 1
998 938 154 1
999 196 146 1
999 514 313 1
999 514 566 1
999 892 856 1
999 945 112 1
1000 0 876 1
